10 2 4 0.5 245.0 252 0.972 0.211
10 4 4 1.0 237.0 263 0.901 0.375
10 6 4 1.5 168.0 190 0.884 0.378
10 8 4 2.0 183.0 214 0.855 0.542
10 10 4 2.5 195.0 232 0.841 0.928
10 12 4 3.0 176.0 240 0.733 0.926
10 14 4 3.5 145.5 216 0.674 0.883
10 16 4 4.0 145.5 237 0.614 0.736
10 18 4 4.5 150.5 223 0.675 1.087
10 20 4 5.0 122.0 218 0.56 1.284
10 22 4 5.5 114.666666667 203 0.565 1.407
10 24 4 6.0 97.3333333333 222 0.438 1.212
10 26 4 6.5 94.9166666667 239 0.397 1.212
10 28 4 7.0 68.75 219 0.314 1.404
10 30 4 7.5 82.3333333333 221 0.373 1.235
10 32 4 8.0 73.25 212 0.346 1.304
10 34 4 8.5 98.25 256 0.384 1.644
10 36 4 9.0 57.5 222 0.259 1.444
10 38 4 9.5 68.0166666667 214 0.318 1.447
