100 2 4 0.5 2196.0 2282 0.962 3.203
100 4 4 1.0 2006.0 2198 0.913 4.118
100 6 4 1.5 1845.0 2130 0.866 4.413
100 8 4 2.0 1747.5 2163 0.808 5.4
100 10 4 2.5 1713.5 2136 0.802 6.055
100 12 4 3.0 1620.5 2216 0.731 7.633
100 14 4 3.5 1505.5 2166 0.695 8.513
100 16 4 4.0 1415.5 2170 0.652 12.939
100 18 4 4.5 1393.66666667 2156 0.646 8.391
100 20 4 5.0 1177.66666667 2156 0.546 9.884
100 22 4 5.5 1197.58333333 2290 0.523 10.731
100 24 4 6.0 1014.08333333 2170 0.467 11.488
100 26 4 6.5 995.633333333 2227 0.447 11.904
100 28 4 7.0 824.816666667 2199 0.375 11.252
100 30 4 7.5 793.066666667 2124 0.373 12.442
100 32 4 8.0 705.3 2186 0.323 12.52
100 34 4 8.5 760.8 2216 0.343 13.186
100 36 4 9.0 727.333333333 2195 0.331 17.016
100 38 4 9.5 639.511904762 2123 0.301 17.029
