30 4 8 0.5 1262.0 1324 0.953 1.636
30 8 8 1.0 1167.0 1256 0.929 2.161
30 12 8 1.5 1195.0 1389 0.86 2.362
30 16 8 2.0 1021.0 1314 0.777 2.48
30 20 8 2.5 1042.5 1363 0.765 3.013
30 24 8 3.0 955.0 1267 0.754 5.824
30 28 8 3.5 836.5 1384 0.604 6.781
30 32 8 4.0 789.333333333 1309 0.603 4.298
30 36 8 4.5 615.0 1327 0.463 5.395
30 40 8 5.0 557.833333333 1360 0.41 6.4
30 44 8 5.5 413.5 1309 0.316 6.902
30 48 8 6.0 450.166666667 1310 0.344 6.378
30 52 8 6.5 347.916666667 1294 0.269 7.364
30 56 8 7.0 391.0 1295 0.302 7.496
30 60 8 7.5 339.7 1383 0.246 8.191
30 64 8 8.0 281.033333333 1211 0.232 7.771
30 68 8 8.5 282.547619048 1332 0.212 13.581
30 72 8 9.0 218.133333333 1294 0.169 12.637
30 76 8 9.5 199.457142857 1326 0.15 11.411
