30 6 12 0.5 1773.0 1902 0.932 2.641
30 12 12 1.0 1705.0 1981 0.861 3.939
30 18 12 1.5 1604.0 1946 0.824 6.463
30 24 12 2.0 1619.0 2026 0.799 8.561
30 30 12 2.5 1358.5 1921 0.707 8.84
30 36 12 3.0 1227.5 1967 0.624 10.552
30 42 12 3.5 982.0 1895 0.518 8.696
30 48 12 4.0 996.166666667 1955 0.51 22.19
30 54 12 4.5 641.5 1894 0.339 12.388
30 60 12 5.0 563.716666667 1886 0.299 13.225
30 66 12 5.5 516.666666667 2019 0.256 15.555
30 72 12 6.0 532.716666667 1995 0.267 26.601
30 78 12 6.5 413.6 1994 0.207 34.919
30 84 12 7.0 319.016666667 1908 0.167 21.97
30 90 12 7.5 303.945238095 1941 0.157 29.355
30 96 12 8.0 285.830952381 1987 0.144 27.894
30 102 12 8.5 282.36547619 2022 0.14 39.056
30 108 12 9.0 240.119047619 1974 0.122 48.82
30 114 12 9.5 211.995995671 1987 0.107 38.309
