30 2 4 0.5 655.0 689 0.951 0.75
30 4 4 1.0 623.0 663 0.94 0.78
30 6 4 1.5 608.0 695 0.875 1.098
30 8 4 2.0 509.5 663 0.768 1.266
30 10 4 2.5 512.5 693 0.74 1.447
30 12 4 3.0 484.5 662 0.732 1.593
30 14 4 3.5 497.0 715 0.695 1.779
30 16 4 4.0 424.5 662 0.641 1.973
30 18 4 4.5 394.166666667 665 0.593 2.164
30 20 4 5.0 330.833333333 632 0.523 2.394
30 22 4 5.5 349.0 648 0.539 2.717
30 24 4 6.0 306.416666667 675 0.454 2.806
30 26 4 6.5 267.5 649 0.412 3.25
30 28 4 7.0 278.083333333 678 0.41 3.315
30 30 4 7.5 303.666666667 704 0.431 3.444
30 32 4 8.0 256.083333333 687 0.373 4.156
30 34 4 8.5 244.683333333 655 0.374 4.07
30 36 4 9.0 189.566666667 603 0.314 4.809
30 38 4 9.5 180.75 586 0.308 4.051