30 8 16 0.5 2418.0 2669 0.906 16.129
30 16 16 1.0 2166.0 2559 0.846 8.919
30 24 16 1.5 2149.0 2685 0.8 9.29
30 32 16 2.0 2033.5 2697 0.754 11.16
30 40 16 2.5 1683.5 2582 0.652 9.747
30 48 16 3.0 1324.16666667 2608 0.508 11.053
30 56 16 3.5 1249.83333333 2654 0.471 13.585
30 64 16 4.0 913.166666667 2558 0.357 17.15
30 72 16 4.5 778.716666667 2701 0.288 17.716
30 80 16 5.0 575.904761905 2659 0.217 20.385
30 88 16 5.5 468.557142857 2514 0.186 23.37
30 96 16 6.0 479.823809524 2608 0.184 26.177
30 104 16 6.5 375.487301587 2641 0.142 30.364
30 112 16 7.0 376.884018759 2634 0.143 28.849
30 120 16 7.5 298.533982684 2730 0.109 32.038
30 128 16 8.0 274.644119769 2715 0.101 42.341
30 136 16 8.5 252.850324675 2627 0.096 38.699
30 144 16 9.0 233.412234987 2693 0.087 44.742
30 152 16 9.5 221.227072927 2693 0.082 47.667
30 8 16 0.5 2369.0 2643 0.896 3.863
