5 0.7 50 100 100 1.0 0 0.0003 0.000
10 0.7 50 100 100 1.0 0 0.0028 0.000
15 0.7 50 100 100 1.0 0 0.0251 0.000
20 0.7 50 100 100 1.0 0 0.3423 0.000
25 0.7 50 100 100 1.0 0 2.8897 0.000
10 0 50 100 100 1.0 0 0.0001 0.000
10 0.2 50 100 100 1.0 0 0.0006 0.000
10 0.5 50 100 100 1.0 0 0.0018 0.000
10 0.7 50 100 100 1.0 0 0.0025 0.000
10 0.9 50 100 100 1.0 0 0.0042 0.000
10 0.7 50 50 100 1.0 0 0.0028 0.000
10 0.7 50 100 100 1.0 0 0.0030 0.000
10 0.7 50 500 100 1.0 0 0.0028 0.000
10 0.7 50 2000 100 1.0 0 0.0025 0.000
10 0.7 50 10000 100 1.0 0 0.0028 0.000
10 0.7 50 100 50 1.0 0 0.0027 0.000
10 0.7 50 100 100 1.0 0 0.0025 0.000
10 0.7 50 100 500 1.0 0 0.0025 0.000
10 0.7 50 100 2000 1.0 0 0.0031 0.000
10 0.7 50 100 10000 1.0 0 0.0023 0.000
10 0.7 50 100 100 0 0 0.0030 0.000
10 0.7 50 100 100 0.3 0 0.0029 0.000
10 0.7 50 100 100 1 0 0.0029 0.000
10 0.7 50 100 100 2 0 0.0029 0.000
10 0.7 50 100 100 10 0 0.0028 0.000
10 0.7 50 100 100 100 0 0.0025 0.000
10 0.7 50 100 100 1.0 -1 0.0038 0.000
10 0.7 50 100 100 1.0 0 0.0027 0.000
10 0.7 50 100 100 1.0 1 0.0022 0.000


