5 0.7 50 100 100 1.0 0 0.0004 0.000
10 0.7 50 100 100 1.0 0 0.0264 0.000
15 0.7 50 100 100 1.0 0 1.2885 0.000
10 0 50 100 100 1.0 0 0.0312 0.000
10 0.2 50 100 100 1.0 0 0.0312 0.000
10 0.5 50 100 100 1.0 0 0.0329 0.000
10 0.7 50 100 100 1.0 0 0.0288 0.000
10 0.9 50 100 100 1.0 0 0.0267 0.000
10 0.7 50 50 100 1.0 0 0.0296 0.000
10 0.7 50 100 100 1.0 0 0.0266 0.000
10 0.7 50 500 100 1.0 0 0.0312 0.000
10 0.7 50 2000 100 1.0 0 0.0339 0.000
10 0.7 50 10000 100 1.0 0 0.0314 0.000
10 0.7 50 100 50 1.0 0 0.0304 0.000
10 0.7 50 100 100 1.0 0 0.0276 0.000
10 0.7 50 100 500 1.0 0 0.0284 0.000
10 0.7 50 100 2000 1.0 0 0.0275 0.000
10 0.7 50 100 10000 1.0 0 0.0306 0.000
10 0.7 50 100 100 0 0 0.0323 0.000
10 0.7 50 100 100 0.3 0 0.0326 0.000
10 0.7 50 100 100 1 0 0.0300 0.000
10 0.7 50 100 100 2 0 0.0290 0.000
10 0.7 50 100 100 10 0 0.0294 0.000
10 0.7 50 100 100 100 0 0.0304 0.000
10 0.7 50 100 100 1.0 -1 0.0325 0.000
10 0.7 50 100 100 1.0 0 0.0456 0.000
10 0.7 50 100 100 1.0 1 0.0301 0.000
