5 0.7 50 100 100 1.0 0 0.0039 0.000
10 0.7 50 100 100 1.0 0 0.0167 0.000
15 0.7 50 100 100 1.0 0 0.0329 0.000
20 0.7 50 100 100 1.0 0 0.0557 0.000
25 0.7 50 100 100 1.0 0 0.1154 0.000
20 0 50 100 100 1.0 0 0.0675 0.000
20 0.2 50 100 100 1.0 0 0.0670 0.000
20 0.5 50 100 100 1.0 0 0.0571 0.000
20 0.7 50 100 100 1.0 0 0.0629 0.000
20 0.9 50 100 100 1.0 0 0.0572 0.000
20 0.7 50 50 100 1.0 0 0.0550 0.000
20 0.7 50 100 100 1.0 0 0.0562 0.000
20 0.7 50 500 100 1.0 0 0.0556 0.000
20 0.7 50 2000 100 1.0 0 0.0543 0.000
20 0.7 50 5000 100 1.0 0 0.0561 0.000
20 0.7 50 100 50 1.0 0 0.0279 0.000
20 0.7 50 100 100 1.0 0 0.0540 0.000
20 0.7 50 100 500 1.0 0 0.2864 0.000
20 0.7 50 100 2000 1.0 0 1.3738 0.000
20 0.7 50 100 5000 1.0 0 3.3578 0.000
20 0.7 50 100 100 0 0 0.0571 0.000
20 0.7 50 100 100 0.3 0 0.0549 0.000
20 0.7 50 100 100 1 0 0.0585 0.000
20 0.7 50 100 100 2 0 0.0547 0.000
20 0.7 50 100 100 10 0 0.0629 0.000
20 0.7 50 100 100 100 0 0.0530 0.000
20 0.7 50 100 100 1.0 -1 0.0542 0.000
20 0.7 50 100 100 1.0 0 0.0625 0.000
20 0.7 50 100 100 1.0 1 0.0598 0.000

