5 0.7 50 100 100 1.0 0 0.0011 0.000
10 0.7 50 100 100 1.0 0 0.0047 0.000
15 0.7 50 100 100 1.0 0 0.0106 0.000
20 0.7 50 100 100 1.0 0 0.0195 0.000
25 0.7 50 100 100 1.0 0 0.0309 0.000
20 0 50 100 100 1.0 0 0.0000 0.000
20 0.2 50 100 100 1.0 0 0.0056 0.000
20 0.5 50 100 100 1.0 0 0.0143 0.000
20 0.7 50 100 100 1.0 0 0.0207 0.000
20 0.9 50 100 100 1.0 0 0.0256 0.000
20 0.7 50 50 100 1.0 0 0.0103 0.000
20 0.7 50 100 100 1.0 0 0.0207 0.000
20 0.7 50 500 100 1.0 0 0.1233 0.000
20 0.7 50 2000 100 1.0 0 0.4239 0.000
20 0.7 50 5000 100 1.0 0 1.0214 0.000
20 0.7 50 100 50 1.0 0 0.0190 0.000
20 0.7 50 100 100 1.0 0 0.0188 0.000
20 0.7 50 100 500 1.0 0 0.0277 0.000
20 0.7 50 100 2000 1.0 0 0.0191 0.000
20 0.7 50 100 5000 1.0 0 0.0215 0.000
20 0.7 50 100 100 0 0 0.0217 0.000
20 0.7 50 100 100 0.3 0 0.0201 0.000
20 0.7 50 100 100 1 0 0.0198 0.000
20 0.7 50 100 100 2 0 0.0191 0.000
20 0.7 50 100 100 10 0 0.0195 0.000
20 0.7 50 100 100 100 0 0.0226 0.000
20 0.7 50 100 100 1.0 -1 0.0159 0.000
20 0.7 50 100 100 1.0 0 0.0251 0.000
20 0.7 50 100 100 1.0 1 0.0330 0.000
