10 100 0.9 True 0.0925 0.020 0.137
20 100 0.9 True 0.2901 0.004 0.041
30 100 0.9 True 0.3912 0.001 0.026
40 100 0.9 True 0.5710 0.000 0.008
50 100 0.9 True 0.8163 0.000 0.014

30 100000 0.9 True 0.1437 0.046 0.188
30 100 0.9 True 0.4430 0.001 0.017
30 50 0.9 True 0.3981 0.000 0.007
30 20 0.9 True 0.4255 0.003 0.036
30 10 0.9 True 0.4575 0.012 0.038
30 5 0.9 True 0.4422 0.022 0.059
30 2 0.9 True 0.4501 0.055 0.102

30 100 50 True 0.4823 0.001 0.018
30 100 70 True 0.4590 0.000 0.014
30 100 80 True 0.4063 0.001 0.021
30 100 90 True 0.4436 0.001 0.031

30 100 0.9 True 0.3991 0.001 0.024
30 100 0.9 False 0.3902 0.087 0.203
