5 0.7 50 100 100 1.0 0 0.0001 0.028
10 0.7 50 100 100 1.0 0 0.0004 0.018
15 0.7 50 100 100 1.0 0 0.0005 0.010
20 0.7 50 100 100 1.0 0 0.0004 0.007
25 0.7 50 100 100 1.0 0 0.0012 0.009
20 0 50 100 100 1.0 0 0.0006 0.000
20 0.2 50 100 100 1.0 0 0.0010 0.036
20 0.5 50 100 100 1.0 0 0.0012 0.019
20 0.7 50 100 100 1.0 0 0.0007 0.010
20 0.9 50 100 100 1.0 0 0.0010 0.004
20 0.7 50 50 100 1.0 0 0.0009 0.014
20 0.7 50 100 100 1.0 0 0.0010 0.011
20 0.7 50 500 100 1.0 0 0.0008 0.008
20 0.7 50 2000 100 1.0 0 0.0005 0.010
20 0.7 50 5000 100 1.0 0 0.0006 0.010
20 0.7 50 100 50 1.0 0 0.0006 0.013
20 0.7 50 100 100 1.0 0 0.0005 0.016
20 0.7 50 100 500 1.0 0 0.0005 0.010
20 0.7 50 100 2000 1.0 0 0.0005 0.009
20 0.7 50 100 5000 1.0 0 0.0008 0.006
20 0.7 50 100 100 0 0 0.0005 0.011
20 0.7 50 100 100 0.3 0 0.0006 0.010
20 0.7 50 100 100 1 0 0.0006 0.012
20 0.7 50 100 100 2 0 0.0006 0.013
20 0.7 50 100 100 10 0 0.0008 0.011
20 0.7 50 100 100 100 0 0.0010 0.010
20 0.7 50 100 100 1.0 -1 0.0008 0.013
20 0.7 50 100 100 1.0 0 0.0009 0.012
20 0.7 50 100 100 1.0 1 0.0010 0.008
